348290
936740
817491
378088
963868
289085
733649
893437
851163
951163
862280
404737
40797
645265
183990
645009
185677
914010
164308
686173
451652
431381
345668
394356
192908
875393
775206
298215
639679
281105
248331
203485
51918
442765
553409
623539
728797
200005
349389
536013
294860
630833
573559
97918
247505
376874
577663
613840
142785
732863
418861
745712
211309
213429
259398
531129
614569
48479
396059
255771
118632
157525
113467
949928
636227
401748
828936
920955
811544
346546
567335
527045
77455
52028
961041
653621
750904
305454
946375
487235
278544
329486
612770
568026
10787
264805
91080
815392
355339
477019
984571
431395
135382
539566
657867
825633
420486
671311
503148
786932
174257
237273
651170
792920
608713
630446
39192
742362
911606
110000
587985
121440
676319
795161
940469
997391
979528
19320
231565
249500
254742
561417
868426
848883
316589
863279
137984
51261
883194
292048
250096
217810
275085
884813
907522
397499
854877
538396
337361
894498
294192
382853
466401
680856
661202
444661
612652
217411
145346
307650
243289
607522
589421
59900
488846
344063
133266
85292
854428
766832
124100
945772
281305
23689
593550
81635
478540
326689
860400
570587
882176
562047
422920
231488
644667
824482
266572
215671
338249
825066
524148
120344
588337
17062
108020
467786
72777
419131
82279
664250
672869
362221
770759
989751
571755
238029
981721
631341
473602
12096
280486
828605
315113
171751
569763
882293
714660
808688
16114
515121
958800
491513
618945
484685
853976
379996
464145
184453
696704
89947
614481
578668
797983
693033
522408
874182
690922
886803
935826
211906
822250
342473
986402
965911
403407
394829
447397
322489
128735
58871
861223
803320
133639
696738
448591
426166
348306
694071
11237
431875
516599
919060
609780
123031
140
636248
432715
102955
522841
218765
46493
645364
335432
152627
197960
604348
522616
989733
98035
362271
495280
304618
884816
141344
275568
18267
789569
919910
546212
925996
511894
993558
69362
780056
951669
576782
62450
465837
51859
479546
591229
458801
983902
446615
69726
847280
656061
409282
81574
345251
654511
735100
710812
20223
193232
927165
635472
75479
307258
50609
774608
105518
954376
705043
707700
389405
975734
815077
484308
84509
954660
510665
18906
793458
14393
229631
448946
469685
838757
754492
468062
80252
199102
167267
735845
559527
221708
111395
473899
380810
89568
358636
624092
938290
472863
84942
590146
602326
206940
628913
699639
722588
644387
676779
281588
624836
182803
745601
557895
356149
766435
627453
936867
376482
527301
452904
76497
530713
933607
601765
963333
911976
168150
394666
272844
385004
473021
44571
222752
508855
585356
85125
322718
715037
711796
147828
210447
893148
542606
942001
226210
882469
785115
640731
436795
753547
107430
981920
811748
865415
145798
630873
693793
656485
23744
846016
85986
464975
508489
25550
686738
163125
46056
628469
457741
7253
17018
496631
919854
733036
822863
653602
447877
51001
422514
571176
961832
773162
814407
306079
588065
676838
198732
345361
360069
295414
948290
551361
323428
222224
650085
150587
901468
210946
907606
92758
166792
91832
577626
341130
754966
649514
986363
249000
845558
882212
803980
299578
292207
505715
924746
223415
996171
746793
236318
358371
52275
375822
489279
374593
861525
334243
736757
965750
958913
699668
843640
617596
805332
190457
897783
435263
811659
93064
511988
392727
117753
646875
624844
114595
775955
958810
402069
155518
366121
834437
412256
7073
858863
622433
201821
130581
768506
399612
635614
195923
624262
73757
499508
827002
130547
964877
68981
303147
476305
38012
953824
279236
14416
706514
584535
449848
598490
947987
411146
370184
558972
162990
993589
475360
327679
287010
482943
337360
632085
384654
220163
960933
842607
163347
273772
979044
858988
793127
959034
740130
439787
894649
100577
564227
262721
358013
507920
436237
347398
667795
122447
333416
660426
113688
619649
366900
952037
538888
229961
922119
453420
716237
70217
37570
895424
580521
130310
893710
219072
254717
845607
791736
894878
522740
568349
702439
86671
351887
830300
952822
777820
319501
261574
743282
89302
163126
425513
914417
449446
540356
613791
400781
776899
115375
242836
229436
112188
239379
222437
884493
247221
599297
883299
181249
527982
964319
575478
950084
513343
636732
835038
9287
840352
504564
432853
536507
157028
93244
124625
704747
516294
366987
94565
913270
222748
397094
797639
586472
231784
800198
31276
304693
980750
424295
498896
313297
275999
925040
248850
290095
18259
555322
189435
528851
876822
609342
671455
413398
623737
281184
701212
105526
440585
259986
101247
248727
451709
723686
974919
346778
253640
171956
636289
293657
296271
336036
38418
13500
393909
393049
46867
54715
277521
168763
364054
109936
562241
406494
867783
139287
90904
974356
963758
142246
641587
272524
502609
275459
852649
693413
480951
179047
36768
455315
728967
39629
742973
787116
858702
974934
287475
391952
746591
19964
775421
999603
154068
24753
498278
262089
256883
240403
390597
932812
610157
109646
649287
986477
95040
713679
342116
947989
589627
180001
774068
976662
627874
209830
537754
995379
219815
457010
173022
100232
933080
66631
100569
452056
698521
745705
134665
977649
976326
247326
360325
154942
833786
502660
363594
433833
77934
574606
756019
550122
671417
688796
279943
278961
69557
995255
522540
6444
556610
76710
338810
973941
216420
345839
32107
102107
699720
839533
342126
721548
460196
718411
647194
584924
310460
492378
916864
924980
349696
713429
902297
396186
669458
307374
734942
556504
66214
773652
734391
223372
649219
983044
978763
203148
336486
141961
830774
148403
911621
742098
666073
660748
97777
686894
348618
609178
308052
878182
750764
16258
954842
564983
205722
497047
35693
221418
563837
308095
826648
870866
486846
210694
41869
574818
496980
269759
511746
625640
287358
412882
991861
933610
878989
681895
179281
560923
133273
861614
111593
748410
682004
129672
286304
640456
464635
614165
999659
792676
868840
688859
521967
391300
96773
449231
458756
19858
351899
773700
257563
206049
623176
756909
590076
478154
180879
263696
8167
479975
296713
137994
571036
682603
862266
533881
340727
592349
781567
960073
297331
968239
578018
629534
467407
342975
122448
816219
919181
481065
502050
393166
383127
551238
918999
661624
767165
61766
149347
955004
431321
804070
231840
553698
29908
466061
210659
108169
441537
589513
605802
123303
814375
314017
952625
301566
567132
602774
599971
499870
398796
496763
195246
47824
392473
462446
977775
772838
683548
780338
435853
4189
921354
477610
866721
39532
827571
58548
93203
565804
335139
162336
819008
541347
205803
545036
456791
767918
920442
725341
954435
737355
673764
100572
555586
777857
162245
449194
912021
995692
167423
975138
113488
594216
240286
329802
549969
401050
698717
428148
56589
231446
820290
972471
579974
328880
299236
614533
986137
332514
429325
304745
909427
470871
612922
742752
932132
342290
539903
321873
903371
168318
388487
334505
770929
745362
426425
60375
772659
683232
746487
188321
874390
441467
234240
601761
663359
523203
89013
718112
393338
238927
730937
401806
973176
630901
816369
173083
12694
402360
153259
837940
235864
154447
542491
945053
839668
823630
42495
547431
468619
327603
763748
583759
582130
981968
53827
36787
975791
750352
30275
471153
921664
165799
66018
40542
439380
599194
87598
837792
215645
554984
107757
332905
664893
194900
190300
321616
118365
200464
714261
160718
118557
856711
226121
344849
308453
633351
673453
852480
762202
341130
760370
452236
837357
260832
988588
613679
62797
717178
317460
787077
912253
369493
509545
19395
380031
514496
476977
674136
497776
485452
864989
175006
399853
30928
535050
341885
578803
203542
977892
640413
276933
220646
832805
919813
617158
233132
560635
415765
118694
392328
136264
318684
861625
856242
843587
270999
368931
187848
5371
669639
497264
8438
773116
25390
705600
48961
30730
526117
546015
216816
59274
456285
759539
927639
747712
378544
301966
918721
773619
281571
718820
831737
10413
361019
959830
873077
530399
443384
375085
489504
236897
78322
805666
776515
374806
244431
111193
991759
607918
834079
78959
607625
114437
93844
875368
309202
445801
867937
274827
322642
520376
515629
543946
759169
172584
108660
750680
898258
534049
327355
289375
659580
965061
365678
862666
229477
840655
110423
242877
120814
781465
280637
229029
520981
551863
443415
879081
861643
360449
67947
819519
232339
826543
567304
702108
20947
832924
782940
767043
486523
116077
492019
102783
382671
701707
521549
797356
404754
897291
591962
208303
739985
772975
498964
718213
699593
893446
160505
857401
779446
573550
126884
136175
274937
116026
291335
617886
364644
870958
612231
568411
797285
26215
939764
743824
198606
815896
449700
407307
31613
406767
69035
265522
362669
400022
534648
641493
846743
238677
255503
145756
35910
274772
789918
39391
29430
703294
823103
531029
270120
357570
100809
92643
969477
904435
553235
91606
979308
3727
725126
43884
2138
239901
154206
168461
606005
829871
21309
805271
641333
974599
673324
242391
819056
808214
798959
662419
615488
770656
588419
960707
502418
779707
419318
900193
52174
152501
272355
775510
951966
994453
650249
54419
58909
891066
904775
669057
325022
325089
159415
280144
310422
793474
277796
59884
482855
375321
44073
360206
788106
735874
411687
360879
488087
873149
502050
889111
749172
984146
161465
634131
173848
652942
809664
97924
121083
870571
651388
728596
859356
886349
142010
942532
304878
727273
760588
26977
206560
488704
18977
553110
25224
973961
242240
708570
224043
125293
978401
745929
752043
493804
271912
124369
749645
703965
21886
17667
827174
838482
184910
918409
683427
148762
638361
394167
885361
38944
471223
109562
816527
500464
511723
351213
219310
445658
11745
734218
297281
689775
647622
220157
403495
256808
780292
709908
820595
500007
528025
554579
454612
32405
108819
497061
587430
332010
953450
837740
491284
228618
171642
165625
283431
365069
599451
86615
682032
680087
528030
215746
953486
200038
238695
454773
334749
595307
856738
748897
812475
280079
904483
650233
284920
436694
935390
709610
810841
156577
794431
748649
20105
249421
260904
186660
865629
542137
394693
593626
883714
245862
630796
751174
858246
380279
942422
49142
564031
891991
586837
426427
553500
570169
950962
688761
894726
696571
896452
181598
608626
330148
934958
633712
726086
1740
342677
905726
895205
617435
63036
945976
473177
445545
318335
144027
390812
522629
999721
334532
20035
438737
812914
571750
102024
9290
335192
615767
114418
388134
145112
567812
351715
254806
199049
906117
741950
422635
360982
808332
759218
482005
108694
876534
32360
563974
619786
463492
16005
376181
643890
480163
42844
914814
676108
167463
444148
317158
441898
225111
141552
902461
959470
426593
609249
631452
375525
527214
572837
821006
947902
477264
589049
360331
480486
268504
111331
954399
889345
873989
835829
836842
229894
877270
244414
400000
143223
128961
835731
752880
684156
93756
838261
234658
402715
669048
634271
121498
772118
731821
245871
455065
437666
823888
916014
298530
331263
747362
965374
867802
493176
884770
186527
499977
906937
771939
411933
500925
38152
808568
596058
166221
666146
848011
19892
936059
534259
266509
863890
840371
314608
356871
915664
708400
641749
718800
813061
952510
244918
278871
121517
996122
336516
819872
866296
79285
288735
725004
868846
528663
254290
220880
578621
23521
841008
626888
509408
455019
109960
180068
921006
490059
801991
966144
674493
122807
643179
894482
322865
97794
986016
998653
130788
497026
685369
159042
375731
753875
52620
804374
68067
240500
406122
123598
479087
26190
372921
647926
248431
993685
218928
319426
565094
388871
157615
447516
367464
415250
417273
443548
888358
112274
233359
531478
149912
765304
540970
648076
887045
185350
954580
55364
937202
214710
80035
721461
434853
801979
141459
617307
75924
498655
893055
920042
79151
42123
352700
955358
416135
449701
53330
876401
233178
860500
999704
960358
192380
882015
112619
731075
258722
142963
387594
317916
423246
207747
622417
192969
814611
90698
466513
340537
79876
36780
882056
367840
736509
577338
809474
358156
810637
193108
155595
356245
950207
550889
290127
801715
725315
515930
941393
817514
99070
217021
839556
772768
109419
209854
494281
938319
495724
453663
746566
948501
198385
206751
623263
376808
89347
851193
25748
933160
142958
495427
943287
591629
801673
896375
93704
695743
935715
215311
154927
805829
973324
656713
829077
220053
711357
450378
679519
617417
684453
92063
628231
3955
811985
197470
24089
294023
435190
355563
130056
148023
645214
533655
595306
742812
629229
862434
613847
619215
342480
119265
693209
507224
757761
394299
740880
217662
96376
552461
143333
811005
707633
221742
860201
157974
519958
587852
439241
110400
6986
180853
141872
624060
883538
465458
548729
51078
459231
685837
282895
133607
561468
928628
959780
776936
6544
415734
302602
984737
567633
317290
795249
119023
59782
393391
227518
621444
620470
989645
427908
533463
857522
523706
260513
768253
456956
746809
754552
30928
767059
899037
531718
351883
932700
9004
698659
996664
916527
611998
281303
66816
383930
879749
149463
882082
610966
434566
817435
866367
611172
915333
672989
543825
630947
55775
244655
103228
835538
724624
436281
836157
805820
690678
343567
424255
816933
557101
780331
944332
566415
878744
272332
217056
897257
722561
326250
111257
299029
918872
103956
429643
877269
358232
719345
283345
353223
853231
586110
138119
344348
609554
221521
355727
369850
111997
579078
721674
964635
991439
302441
943207
631240
969531
268037
442321
29124
750718
818971
433529
740617
592893
659246
14523
793898
515898
141115
788527
801751
991410
788870
631055
681599
653655
612880
276224
937552
152229
846245
96575
925402
922851
651857
922857
665745
331577
925299
843814
247665
937896
427369
385907
53116
187497
817579
241611
181151
407718
746996
407346
980595
172687
67546
715614
941598
742171
321983
511490
474458
163740
303008
958264
347470
57660
718666
489162
821720
164249
264045
708381
641260
164475
126857
538554
508694
630958
323461
29178
64283
751937
939934
778702
972990
947673
527548
440168
27934
809202
353377
676682
537788
346292
453242
766313
851931
826734
328472
906877
637632
376817
147576
883368
565529
357707
181310
71040
796922
636767
867649
203771
576770
499998
356415
606774
286428
518180
494193
213602
866529
792945
905018
188747
825435
205570
129145
997830
44069
478667
842685
231159
676782
843668
636312
504061
568668
969069
379660
390778
935501
95951
954403
399298
29816
649169
922395
784415
84914
736260
262973
461758
397069
931179
944654
723259
12699
404698
657183
522244
625808
851881
785919
25964
395781
136277
96529
469326
349977
352501
303352
15324
924786
135700
512814
917955
82273
865903
389492
465597
63716
550156
420452
870642
319620
366837
349090
797579
209119
76432
801201
256470
25856
961116
308194
164047
232106
311370
70758
276817
573428
290933
256517
164505
605902
960512
901480
873266
168353
918411
322192
672131
217877
540881
928553
768881
894252
354530
282745
836658
620619
148535
198707
522160
805721
518775
34472
737813
619840
504005
11421
450105
957969
60100
561079
607974
398852
773672
884819
938820
317404
242042
16242
816742
606057
69224
165009
64239
724775
195398
139095
241250
864452
227941
508904
166982
34367
237966
552791
51762
838956
224028
710712
776314
157460
411699
449171
902454
825977
964896
649908
182891
100663
895631
319007
178649
622597
29731
858016
606817
882907
772918
106945
775248
940398
981741
955797
937036
504151
103094
904178
242137
792785
293921
528316
488521
564513
839128
418587
302654
751888
698428
147790
476061
388308
134302
413721
491729
166797
567959
493402
367929
114667
849733
332282
857327
952876
109666
230207
227766
849987
873090
292925
461823
939156
555433
446188
36632
420316
180806
505685
29170
506862
996240
57063
279053
495128
275132
22054
321666
516644
600920
485187
947565
354490
481799
803078
818869
874851
649882
656039
340729
542504
617607
537021
143384
862297
315720
339406
123165
135785
407954
766597
308166
275767
90864
620993
741935
776744
728316
119626
104736
805423
169978
367710
799407
837934
644497
182506
66195
62646
621543
329940
766023
300779
387736
33269
990871
482051
882386
557732
327499
114925
880783
446957
153581
239630
822384
943393
667191
876070
968371
422663
459230
431697
596945
881968
497013
5738
525111
12264
627328
492426
288094
910728
3286
379054
599561
266345
369905
191286
452507
755955
511382
724106
272786
523475
84635
113559
690596
354251
947674
936695
958260
485731
158513
523119
505329
887293
488626
555538
510924
249862
603054
485954
855443
545737
310233
207638
839663
381597
975578
408599
574198
100351
878322
828965
414382
868602
840582
371895
663903
586946
319370
753920
95316
119649
442124
268204
226542
781705
56667
219529
810980
208712
100626
837891
339930
218009
571524
5896
932509
367190
62149
895690
445817
625803
265171
797346
739255
688935
292384
287954
996215
57932
7293
539875
642789
806021
923108
916397
391387
231255
249506
238837
289811
6367
916016
224007
426620
997067
684006
142375
201879
623527
457330
336758
419997
54894
233382
878978
331996
188126
373579
218814
539755
718886
626310
683198
530068
833389
417173
553678
891692
821692
14777
967534
17604
142794
32174
445230
738808
71459
200470
859170
193892
397172
85876
715075
638135
870581
726675
598690
621471
95347
469767
434569
838436
145017
781451
459184
511953
381722
54473
966425
439116
957150
489529
248265
398215
977223
982369
493091
60751
234751
306490
484194
220034
818783
808499
660210
762974
857950
587343
528236
175284
307924
171689
460077
896891
128618
399128
817937
938176
933345
523949
259345
109307
870011
252761
200439
534718
100425
243116
68089
9094
847058
615288
479674
188596
120541
528020
400793
564565
298140
341436
267059
284829
302709
199126
950012
419059
471725
851023
141237
75110
851251
423780
563274
546045
475847
730493
663564
597483
675013
271539
619718
739489
884498
672754
356606
918846
543650
148218
621194
501538
808995
630463
637387
195296
742473
257905
885771
403729
828407
162134
117423
833541
642823
868178
241561
609045
783926
263433
406876
596
333743
108891
610204
555748
369906
287630
55298
727972
79969
78282
409498
240327
229479
773181
376585
463488
963205
42975
915502
199065
817851
496527
260627
846180
669967
481756
166480
589000
679996
234849
598076
533373
884026
22408
75409
943314
665702
863023
649755
885547
975119
570791
39645
583241
288796
895000
624961
716738
105821
248835
672889
917775
641580
319136
141110
283588
295424
934822
184388
316826
430094
924393
774912
214824
11419
934237
362423
801585
338019
503800
346653
906262
113503
20598
780519
547180
376887
621558
591109
587432
699524
525378
398271
569207
986240
786092
297451
346603
559885
859539
27784
614607
607582
640389
708603
129243
920134
405054
876899
198659
497435
674383
553435
30313
648455
901018
88267
367540
583275
372602
208939
950520
275119
251775
54870
774100
397802
621782
88775
497179
262571
437832
448818
255210
224866
963609
188353
17433
259950
372048
294505
357645
227332
534295
561129
156521
743224
373496
890975
169124
869996
154631
906823
754870
77138
445087
780048
327084
392287
413764
999901
783963
572622
239336
799701
296305
353741
720457
279463
947174
120968
539703
265757
936466
325329
889523
845340
61209
295465
371059
674806
464129
480174
535619
335724
353828
805920
199493
249923
472641
717777
557913
500993
455340
527593
247447
350916
726822
786899
231161
502528
575815
314760
877782
264851
800855
779510
272585
432903
775485
870668
937008
629795
866191
513381
667537
791214
847880
262286
645782
928065
767191
91318
105081
294728
118164
709937
717179
990933
200397
900649
607501
806368
492095
592545
935634
382815
509089
74087
736508
501182
26265
684502
586451
244284
245970
154885
294740
496354
828389
316496
957814
194847
367220
283328
159880
699717
765718
65306
606645
278170
434092
362561
874602
240028
411730
895048
616526
101141
708146
164440
679408
493974
737586
728698
792255
828179
455629
267907
457330
676571
231551
34521
42760
458994
772698
611493
828137
388748
318646
578711
971180
776360
275845
720208
305778
771335
641541
310449
833711
205960
307022
765246
382985
822882
79307
364078
75608
517565
945797
894481
696718
429997
658843
743070
434928
568012
61966
814872
102018
681522
453369
608861
316610
258516
437214
220363
803466
190070
44507
613071
659224
68238
594171
275275
196075
346935
543400
253347
188292
208142
729407
799205
407116
422509
676860
735571
167700
651778
163668
755726
359222
872075
590626
367776
915163
259696
280377
927525
205782
902972
757016
640983
321710
97209
583035
727861
752250
757800
665742
113872
964964
970010
460028
307122
689231
763758
583654
400555
849045
879464
842160
83321
250793
914473
106101
320211
211356
367569
466650
367250
606459
198894
341632
607165
180629
625247
752659
632751
995994
259593
742784
842919
718110
5749
857091
766252
768125
969541
252574
540059
969881
67857
47013
692750
752063
208611
570358
597547
543336
25291
12103
141766
404187
307679
371928
282292
33136
318802
696263
941741
144815
703343
611970
979229
270294
860915
572630
304263
76793
876229
958950
12310
644932
719379
328824
178434
569500
358730
956138
815131
52324
941361
204674
233910
241436
92707
740259
660145
430051
667943
935962
905699
525341
48750
525144
504357
12719
759592
496123
562616
420263
608835
604421
662546
521017
525953
4653
500872
194340
417588
195092
453145
358452
593561
993808
316052
312928
955407
528421
945575
389907
420210
325330
571718
796296
182488
52999
529396
797326
904936
697076
986481
27435
762770
54908
29056
85149
73646
135048
229844
861179
586997
250936
91863
359291
790806
274293
100182
243469
824374
503138
90507
540323
609415
487281
138952
561812
580163
49810
288766
626262
126790
354757
346856
945065
893958
458000
853719
656403
143984
570829
517210
153350
920351
91099
792201
991005
296379
995445
372847
335429
3628
272543
554385
108409
528762
905212
954591
371621
390211
230973
535734
207596
592408
711220
949264
770437
288052
994118
851401
777600
830489
327807
998990
964199
63305
43968
265252
948671
672606
295315
456786
738414
458310
583839
645357
403894
298911
663927
433918
595231
845099
712716
212305
955571
896944
625923
558301
660771
587055
221538
832907
872519
22974
162083
106917
72451
480068
767211
154396
852869
957969
943892
324726
733866
541272
634790
216722
249408
929418
65829
456985
715686
545423
230020
69891
726288
151651
473783
427011
779431
178699
789798
505040
623053
870579
793405
243857
204286
5286
372768
237221
506258
245545
680508
270668
745631
673460
657209
198837
190907
360654
125836
951012
980959
104004
800360
15295
481575
99013
324692
689270
371701
410525
296024
140558
259062
998092
910865
786952
193148
692227
777380
576498
14667
995770
154575
135241
498159
785329
481563
682505
335114
613569
359790
687764
23980
211933
516604
923835
335450
29355
950110
758891
859121
566713
542331
539702
535461
315485
441122
601789
397346
372078
275194
721784
998163
283224
884433
604898
482432
6368
824528
772419
901714
887221
484304
397467
193138
417455
916549
726824
848912
789799
947608
59029
210560
218673
805331
730815
622014
580730
820982
253476
993362
829691
139686
827370
633934
359511
48453
65162
987765
919447
688477
992087
304438
182399
410101
614063
465877
490317
867142
900797
321771
660109
405063
856423
521156
272988
670245
446171
647654
359607
826831
277809
494257
468415
676589
206397
370914
404875
392368
593141
506737
546922
287684
7865
692187
3828
499619
738883
138170
400843
476291
231084
849167
353587
551983
876887
613282
942155
229940
533119
673857
451368
277617
731097
398500
460557
175314
997541
508913
406600
158166
856919
91546
65067
249995
740956
790116
523046
412444
482827
998979
949886
682881
526185
211617
688620
917780
960217
263614
961748
946692
878814
838898
744096
680226
603854
841869
805177
245977
137046
253279
29922
325435
801380
697939
21361
312502
27445
717110
819882
437029
396155
215190
980793
841666
573801
791365
32460
640698
659871
452221
566859
878873
401069
414813
757941
493668
225734
798034
551384
251142
959683
313937
99372
972386
724560
545984
476301
710919
502775
783092
551892
24706
776775
315989
660497
757452
80352
60638
481062
152868
234910
270465
845762
955896
199968
584295
879673
655805
436212
151381
798141
475998
621409
430890
268860
204048
976912
690437
615381
193796
99671
648259
251447
908086
280611
887718
989785
524835
270402
743377
98576
16023
103051
720111
336528
265252
415850
32180
219713
277935
713804
514747
408637
909604
183651
444111
73252
814601
829078
869574
187485
534192
254153
298630
116201
160134
812356
368171
349989
202761
567682
581569
89116
198743
333145
916524
517190
322401
542400
805927
578722
634622
71042
370345
984811
280924
453886
773539
266809
647697
184600
47270
413431
960528
724992
710562
230973
615607
183709
936906
180746
680196
386965
127891
446431
955304
820796
921434
440762
836404
962454
88805
683822
739632
555146
243010
7388
771338
520550
410763
608528
912940
591945
520971
917178
274214
121265
168059
479238
585994
437538
570405
694171
23767
491183
273770
535853
662413
281384
176031
845568
974752
160928
529489
854522
831559
350937
523689
399586
367475
44238
935275
319867
978333
715933
468184
930935
566328
76048
138228
755226
904134
586695
840418
465389
467463
524803
221995
154138
257547
828113
465501
475819
607593
905745
131536
585434
314760
973090
645380
609172
923226
726891
976998
505743
955369
363209
928049
522948
137418
546448
479409
996427
425838
469696
615523
732435
367958
563398
776505
37946
151527
269355
967546
681295
116563
589533
313733
493281
740791
256856
327541
597827
509252
119025
88928
862368
243732
65215
254138
262709
401886
341542
756504
353199
181317
341185
218446
736033
801994
774059
494969
817505
193634
121835
414104
907136
601251
408506
686933
697061
663384
725553
950946
446982
177331
474132
778623
733890
999458
411445
485975
196253
28218
260294
692746
793240
81744
488063
355782
834156
194791
255528
674894
484323
143683
761347
755293
913684
199324
316570
779747
46137
17582
370976
190318
805550
241133
973831
368036
939528
948246
96797
191789
455120
161889
908323
277741
875867
275603
155245
536175
427527
492399
374703
816989
271380
262028
903785
518315
788316
771586
783921
513428
814192
470526
777882
489981
19537
37237
647358
815989
563976
220342
464493
328094
44578
786007
706418
208165
281292
994769
176958
391724
954247
914152
250164
725834
949255
759362
60176
119528
399918
700698
781813
847628
175712
681932
661393
666482
38146
908240
949231
245078
420180
883396
181336
374287
814569
131937
479783
690389
222271
115792
532136
742563
982783
765397
862892
185911
247314
462569
903788
289719
416413
669286
637208
920622
762779
634332
297531
935987
518102
862337
129356
169578
508098
111364
408531
98532
126262
907522
304437
321058
512648
210898
343711
244535
857731
281275
699531
340363
461895
856709
643954
648763
863038
839148
629966
844062
389942
774897
235850
134051
704480
520396
810377
395094
178532
600444
653904
696769
119583
346366
967057
682415
936506
314204
547285
747340
156520
596188
88261
546984
836732
794010
828308
746330
341796
140656
910860
828673
859398
808785
552372
614886
993397
59637
292060
299069
194832
973870
21573
915851
774455
205530
551151
531937
954091
530481
872895
203078
51713
195262
485453
2355
163075
546283
504584
251959
46371
545013
580358
95291
614109
271358
319212
571936
369320
59265
579255
717636
114136
982816
241124
33444
89363
584281
316546
353883
577517
104407
528850
285257
353443
7845
69400
261455
406769
655165
941633
709302
248912
250494
800816
182255
176912
784637
130855
5237
360717
826354
587854
598862
17425
310611
512483
436529
890118
174911
574399
759874
615958
717904
165953
139961
751777
433939
219417
623520
398426
27668
226355
825275
320639
466002
422269
841921
731891
478161
781719
979273
550201
140047
172438
942208
526415
9550
744757
991255
403109
785552
790105
898553
606968
182561
92864
683962
92048
143502
269317
831627
288914
247795
321746
388777
289730
657650
92578
398935
230105
290304
614833
207488
923135
861529
266499
340862
267366
639124
963598
44088
458754
360465
976070
296037
84584
425550
288195
198512
686594
194201
211664
187572
649709
362400
66258
757030
96559
745508
561043
926546
866520
270476
407338
312830
868852
576790
393417
941099
941866
4136
210659
697977
394036
755973
468984
541930
82619
903323
532926
921023
19214
372984
160045
464126
403967
686877
117927
357013
640922
377835
786499
8600
983171
729082
25205
865895
118443
170569
191899
971819
589806
110607
578854
654399
617932
46576
644131
406123
876611
243403
568485
350667
708037
535984
245777
748942
304347
117807
323462
852634
206486
639115
336999
548493
696365
133646
582086
746271
40824
753206
893934
76643
230408
721549
321485
461228
843233
939542
177724
448332
157205
830307
629869
199032
828414
41412
272624
85831
306967
563546
97506
359705
579127
351945
626674
229205
277164
107403
269265
248778
718768
67746
849910
896055
309898
65126
449995
744742
497604
883196
886519
993010
696900
201319
618889
858474
821258
697144
322301
949582
910341
300001
612399
163126
58834
681896
797017
275026
961554
239479
402314
865740
186982
897104
908134
288586
109002
789853
405588
298383
382795
800037
409800
982529
128102
222875
266925
228101
368959
317649
568942
198022
4923
928010
612577
129045
812666
983404
566160
544235
128372
546580
393574
944969
933807
271620
390579
449216
179098
908663
997468
286477
931337
317333
403234
359260
632782
207618
676173
475693
118384
795601
142452
726804
622219
288599
490412
586522
794244
981338
755275
890754
488678
229927
588503
89190
695774
774786
439376
601406
581583
88120
538839
239298
580563
302417
960634
293224
710736
295714
46621
542791
306034
782846
135430
117788
194506
528908
437636
387817
814979
997364
70397
405819
413948
18292
609619
267653
835911
100303
926835
971880
410622
410148
994810
581332
71164
862748
194755
291464
539327
260477
265169
265589
99480
886044
626262
22849
714124
27887
505374
954535
116427
642816
306651
248763
537354
453438
302669
701899
243839
223662
252557
535265
700857
929854
746295
114406
117785
134330
980594
349217
699248
29208
131422
591836
69879
955309
878488
57639
436069
538051
27180
436982
447217
105410
709784
70373
363044
565450
935673
594524
623385
890467
220437
8782
167573
320332
333124
935899
938749
436784
857723
917398
557176
144694
896566
28000
217250
887543
138114
849011
898409
187019
597860
441147
771912
320700
178345
894558
83102
621276
869387
17629
883754
555763
286397
904210
717349
666384
460308
246425
968508
896640
513362
813772
112553
105437
569743
666086
708589
620861
476358
141449
100460
629708
480697
868890
451749
221044
786690
625290
16972
779512
513336
95216
401861
836320
369658
607890
405631
443343
205531
756099
167595
822832
653418
564902
821400
384911
955740
309904
554285
931140
746712
638924
933378
642058
341535
293048
606363
385645
985111
560908
291265
720290
302322
57851
871871
799472
2047
387185
583030
644812
849549
882173
31645
66756
225335
240841
80473
460369
943825
377220
611829
648591
234606
258592
252158
349064
607499
929399
365630
349868
218907
468296
494867
763165
344047
813280
124010
248551
171649
359572
70301
513741
129822
996203
845095
683582
94319
491672
557632
618791
76962
705124
76890
29282
741498
152618
232758
345291
119855
110844
786147
766579
740930
664420
639828
894702
250722
101892
916125
910280
406388
68063
423946
36884
666115
593392
503132
447332
653124
789368
698913
59796
888516
811158
105455
95745
910640
272654
886972
482392
248001
5612
272285
579592
810370
174081
162969
898521
961919
619084
178153
135126
519244
855733
230479
460838
423791
446066
94672
863417
787115
838796
630864
455582
904873
475900
537800
648881
52677
55279
797030
65456
591923
739561
112833
278063
986893
993157
167862
715170
365882
75290
327461
336088
691516
879290
687554
87815
734613
581204
635352
904130
805591
128633
206880
644295
30023
199548
884346
183540
729261
166450
556998
200026
916859
180760
973154
646634
490904
199124
191168
67980
912071
517268
69794
169359
635961
19859
952117
609339
937003
438330
496135
176193
728381
684131
932455
493012
628753
143480
119000
122577
156636
981370
982961
515225
676428
808030
986580
334911
528342
912337
242057
736989
473115
292701
525814
838977
614326
785635
906237
686981
24741
237000
981938
491132
55057
894381
67127
730632
795579
364054
930615
725641
498053
992556
866491
619312
447835
561885
448492
217009
779708
457441
431398
98839
165289
923224
170292
45233
600168
275279
722670
136426
849717
942882
56812
834999
889414
254011
638054
434025
34873
465976
363690
512674
590621
502379
209464
349604
759322
942971
495165
923269
722814
891879
194154
445567
65572
137131
384305
802339
714307
486011
200924
293166
980304
188716
382666
544692
513873
885042
950406
614905
512256
646020
171909
329439
364760
760156
838652
271161
444158
994778
319900
743805
250575
316296
781419
791384
272770
712377
303744
187292
354618
198794
615643
14229
81067
499530
373726
79865
802790
685750
787372
878205
749890
156317
724445
313284
214441
867362
50715
35250
354172
984800
53788
606111
573476
904872
731196
719976
865206
577381
993398
474335
565762
371745
139262
861538
784569
185312
982783
968713
183800
710634
943468
664825
958453
576231
108741
82710
674501
643746
153320
888469
567111
649840
569297
424495
835313
397418
223280
621681
169781
656725
139366
364144
70543
398051
391451
823194
797102
505234
248446
349352
372668
562931
898394
147632
100428
85573
753362
408919
983327
228864
69369
590692
600723
976237
399440
719791
693481
696946
314781
454840
574769
40044
295972
402388
704724
970229
46469
445313
431102
368517
377969
619675
107110
763508
405962
581032
819003
513693
280023
496717
985324
128159
255585
549092
826324
60605
194220
381989
449025
379941
27029
962433
523168
797710
520197
140173
800902
357946
469199
305563
757021
954011
689196
650085
203177
837970
256272
401891
65590
389906
293928
165628
336992
608931
233267
713816
216127
87235
292666
703124
206637
959270
443949
765711
49780
217822
593308
385761
106649
710423
121678
413612
279999
833721
957250
333642
708730
125424
403904
365798
945777
704392
50458
901991
634543
926385
400708
787846
93830
902370
734029
782016
584416
478042
531001
592999
662371
140930
662717
747220
135360
706991
253015
502327
850457
465987
783879
470159
699597
174643
720301
656692
878369
833955
478400
615058
361484
415917
6824
747568
218975
959872
384570
3054
453583
856101
129102
836430
955872
716061
405629
749992
469616
493863
6972
278593
354206
225310
306128
536759
238229
829182
726637
358867
5560
563783
465071
747713
626924
931834
439156
30363
554428
739840
634324
370465
195245
18410
505598
145733
381344
254483
711024
278115
628061
191074
812946
564878
283649
801836
894960
374150
589511
579766
336402
673413
818092
175960
694202
738360
371010
668668
993210
614667
106003
793350
627695
80157
85232
423246
47517
415379
617173
53832
752617
524936
786682
783749
645549
687842
604857
588434
742267
628544
919190
925758
676594
46095
31536
411962
196662
673916
295683
361624
152399
348804
125079
194742
547680
783527
516105
208756
257153
874170
513268
705504
678268
816540
129020
681651
567585
568385
440311
568245
339718
756458
831224
36603
369567
170485
873784
756625
323125
457488
295267
222450
767558
525129
834301
914356
401210
670593
543471
353793
210045
953728
833714
535935
206717
461026
952663
466833
108930
960622
563888
575351
525861
203399
969502
520465
828078
222651
845688
661505
593102
552697
30613
417965
779765
219295
65335
820835
956241
761458
204052
908056
766245
841191
441602
916681
259009
372382
535486
22147
608675
712430
227865
539581
294250
80027
327679
394723
174515
36516
507365
155118
416850
177273
552142
734958
260975
38346
772539
701993
179962
468027
478189
171102
858444
261748
700568
126626
497244
916436
660070
135276
680602
854789
285796
169836
620779
208426
139725
680021
526146
92533
319409
294460
46488
302230
680898
755032
96071
986766
105851
980649
697929
364066
383854
136886
500679
461738
514728
344622
512481
786120
897858
196208
674618
229046
163783
621542
699196
436921
609405
712524
937263
316210
444370
585167
694321
453139
693221
215824
917331
708655
392301
867271
368784
225513
904394
207301
906603
937934
3558
965330
821860
229631
133256
690356
425046
393927
193013
602641
130416
488523
540611
596076
321806
722655
537723
177547
651443
251573
992362
365817
712997
913264
447812
658535
847205
344535
629558
171246
262922
367397
749767
627248
965817
373308
298409
399580
798659
939642
561762
398288
487323
528868
872018
888920
353010
34496
629920
129364
540849
340415
469253
669048
720979
274774
510197
119854
295132
597485
844709
67158
579705
767152
296573
531245
94389
766596
315228
882507
78614
277972
890306
817734
349714
686025
727071
299508
408945
367832
867125
830030
799744
147445
850220
758129
382191
351909
986098
432062
499464
106737
169804
278368
843020
789046
538110
987629
490092
570778
797139
48294
344353
355801
843530
321561
231080
969661
753821
780390
593181
55084
441135
524254
165555
352923
766545
384327
193486
47200
721008
189372
719805
983462
293727
897457
146327
924282
620861
868181
96241
518850
409027
205904
327673
615692
235628
678635
975538
462212
914689
598479
186892
117632
345280
546150
743967
260854
843688
132318
71172
569741
632292
26892
393616
886288
611218
970605
575150
646911
58350
90503
145368
421056
568671
526958
75442
10739
885086
32354
46595
523875
729599
156246
725136
162775
770462
136459
342295
939657
930599
452123
130469
486638
865281
750354
120468
209972
85976
494583
684965
597834
807813
556392
498742
23320
257309
631267
957664
913616
830931
78369
769711
204188
870922
985500
922814
61303
941628
421170
803119
201112
832320
782754
459205
212552
828731
160818
438302
835221
467301
130227
183311
642335
723639
253341
380318
378639
73582
971476
933142
850984
233855
873612
15755
667445
179095
426696
904683
565730
496269
973245
439740
316007
411623
149654
307447
136991
753350
250769
427841
599735
667503
897478
205122
968129
423734
195592
174628
87720
109193
824036
840362
164798
351190
502086
707434
955506
677210
382715
154217
643741
787016
150226
700817
666171
317842
533723
820433
222390
547926
258705
109009
108382
590952
939732
694161
638710
918200
528334
586397
568936
904416
759160
233391
662488
65933
822901
413793
51861
391815
888988
635724
301356
824350
367763
806019
100503
379059
263190
572965
592787
825696
513367
600099
297295
123909
753408
90255
56384
298096
504148
994908
550353
290728
37235
890168
579576
391510
427900
767683
413924
74577
725389
995050
572242
143428
279845
610853
129279
588798
980843
777929
240440
97494
554696
199754
140877
961529
199407
991825
495076
121106
655292
522934
336361
764244
549626
800410
949411
210471
845055
324132
322914
991788
295410
639190
513109
82095
280493
540619
953272
108904
281277
714511
690346
167854
273350
584539
210844
210105
652740
26091
444710
824594
223788
947582
165555
778969
136881
342250
899805
439859
951458
856153
120212
418510
63472
410852
946999
826386
912142
622730
782085
997733
472561
379597
233645
312347
65335
511081
410881
310137
646627
407153
156169
417316
401798
678537
277812
603563
549435
422138
422185
881454
50313
91445
843068
684201
775851
821799
565501
187361
275371
169909
987306
856425
393450
326165
635268
428945
135997
117448
563327
701932
171122
87288
383378
616765
346160
159977
687087
516158
753020
836191
904141
498700
608472
370189
648672
635570
788806
201269
876970
47312
83690
594465
963115
331303
773261
659452
508596
199556
917246
761805
73370
779335
917138
628817
325957
879631
806989
888949
565288
693509
262105
111149
167179
927553
305139
711028
768388
905628
598565
17632
30020
733523
948589
709921
17933
952596
941629
416342
833
578409
888860
943947
543382
135038
44202
22035
801702
648976
792064
726591
495395
274676
497910
985016
915048
864962
708414
347198
119530
149020
511213
17021
901261
995998
695194
876297
842707
763876
302943
938999
243503
839666
160189
633303
432056
192132
606172
968977
234105
305203
714479
440283
139429
668097
10934
432724
491048
273025
648541
89088
512728
279782
481730
600609
123722
814630
810068
18286
395777
934986
226070
566322
597314
17301
554051
908740
147331
898318
951628
47839
640769
621164
477949
989597
873777
713054
407933
298773
627662
879028
349812
287757
65873
962797
641991
600606
346815
457501
213950
421667
626012
551227
862279
581277
211197
257029
254804
390375
765883
969872
618719
114320
51331
404720
757965
10458
355723
306559
947184
23950
635999
974798
128359
559482
566489
624038
30625
65993
953327
237817
872318
82493
448999
935082
633174
763467
244901
174966
24018
401426
22885
198269
400888
361594
540739
808945
89797
173925
991927
15450
936307
913621
842271
577347
561178
45850
720565
812613
364659
94134
491616
136429
345335
703695
12454
176908
326694
681231
503870
611996
111139
601948
124547
724810
808956
35439
979461
215333
185032
514259
919866
735649
831081
49148
78546
921543
475761
16642
702632
565245
209249
286584
113876
573933
241037
244461
443613
550997
765019
268863
803084
845803
986474
705430
667420
959659
769487
742596
529869
268286
989562
860535
793111
722184
104119
740889
2300
666895
25425
459205
657718
57155
542033
505509
147856
15662
993444
633388
107857
853177
80538
463469
579666
264024
449035
183638
445873
887123
621396
479693
343198
64370
584575
688486
726739
117317
781824
75262
888480
83533
683356
108727
53604
804426
231909
385104
256408
242594
576608
132511
963781
460267
727239
741422
816214
462357
105769
668784
915400
48055
446959
255390
969981
911092
279931
912371
334000
529290
234857
552448
734019
370551
577079
850540
337781
87368
977857
692684
148719
487871
608997
217947
109373
376480
871237
198102
729242
254744
996714
213111
445987
6603
602949
818635
971054
273144
485138
293298
635700
494731
284054
269107
802153
502592
486919
112378
91885
539823
613130
830319
944794
755576
328406
660467
64894
34379
582136
396409
252003
755668
787761
278527
878473
330562
167930
143656
856501
386291
387176
173112
413666
442622
912681
806187
126358
176092
21358
79602
458128
443123
967587
251531
607965
390657
957209
704444
508490
435617
534341
954795
798772
178301
592994
714461
642043
154193
622385
537417
512597
829783
275105
922840
18687
705429
745097
981884
839629
767423
587217
965802
448739
440713
350129
953141
932540
994638
970833
766856
781223
242454
894736
805952
790803
319239
201121
687780
821887
221931
314191
274882
120211
962650
351393
102247
106189
319236
877016
956858
947028
456093
438613
688117
723625
415269
883607
562049
664891
428947
723875
979950
583193
110941
654908
678668
463746
791783
676754
862569
918808
30918
255031
987558
77555
318511
542860
399352
244626
67264
726906
688249
538029
294443
488028
819944
120230
328635
296314
300931
728733
811204
528497
574080
184354
974892
829614
315747
469446
913103
653209
950206
748298
970771
604046
743371
734521
733450
765638
313759
647826
730621
820756
121484
794973
475099
326988
693654
69854
518590
533246
548879
34791
468310
25056
38802
244680
22452
485321
751576
242850
209141
614618
927546
744154
529481
711351
650883
327593
432415
836915
972785
551119
687
179722
378057
506727
512227
427079
780692
511446
860323
987462
928121
747485
464252
554068
902136
599951
721580
602290
620097
646940
285964
902265
788911
466955
980186
554455
638500
628230
77602
775287
403969
809551
278601
993983
582978
960209
202294
583283
58165
44689
319325
871351
436629
463043
633769
754993
59143
271353
538118
864845
777136
931830
253448
481306
220913
190049
166779
414417
470592
824533
579144
198838
293220
721621
972864
30295
720908
755357
400520
923186
267277
998803
16162
822452
525047
66653
27220
329883
718674
826252
637366
219772
953146
906485
868253
307809
138132
50145
835808
944906
324140
600026
769667
660884
232045
460646
749448
260344
164668
383504
609550
871082
674609
355105
584547
132833
252210
566446
475758
321270
579310
28171
696498
879270
400179
424605
392640
96434
330925
144589
870972
317478
53244
896665
102793
116150
966768
731652
345428
673731
167012
507182
932858
514429
110772
617982
524951
663971
934044
737339
567724
653031
427246
256186
962092
157421
405744
246642
688931
401009
621264
127851
819203
537735
497796
522133
117389
742846
71426
134005
138905
926238
57497
774394
774978
441553
126379
990574
916912
868830
354695
512776
228995
767248
996071
377054
705944
71349
866307
405303
382652
546690
745167
238335
639467
608788
643544
761492
794947
444241
753462
651453
60426
172717
435311
367034
390104
530761
425385
400758
610531
179317
987401
931609
714533
360534
444716
223226
893292
455779
244032
757874
843070
776905
416129
20619
775846
349231
244556
447576
297183
157076
17697
946014
31772
55379
969082
730928
308338
694345
350338
479000
678563
272013
646772
603953
203912
798110
319313
105362
961882
809563
550461
362149
330525
480811
925815
314517
67817
287356
133555
68453
178518
486633
381334
99422
295299
105653
290765
327457
479491
90356
128651
870170
576613
281033
830685
928405
258975
692746
329451
898026
649942
590208
680717
588244
764941
857546
344007
357792
821287
530017
256291
137409
331610
468789
496298
387328
401459
621559
45566
730320
810879
740208
236183
850048
302301
987278
428184
213769
434526
96063
993869
643527
967702
756726
840068
570373
759234
406283
157701
966385
814933
191359
262958
312558
407777
207773
969776
853896
890655
573115
839712
162115
971739
614048
38202
21068
426047
242240
535225
35793
332921
723874
133260
408812
668748
309538
321013
329082
339312
624147
574851
952202
467303
894332
758250
295346
101278
222659
412220
951867
280443
950568
958726
408764
558921
736424
482249
567492
539070
146178
767252
629233
164517
571861
363323
268061
512108
529640
307318
880632
830860
242500
332696
396401
390160
283004
304681
700686
777669
87821
618147
532060
165309
140640
532614
206464
561919
596204
584728
687915
154766
231928
97852
318700
784724
401790
205998
963487
926060
731179
643033
271555
432713
572995
39893
94826
618950
607650
371968
451273
580490
847517
785080
734831
719895
196551
471538
875667
123760
674896
969402
718022
478245
468487
677895
213767
818684
519935
299066
495605
880894
811408
432243
378335
87835
326581
88656
211767
262202
869715
137795
176230
300257
560921
87311
492601
183998
201474
201247
558392
182992
311927
232323
201751
563829
819282
795208
230278
680784
687678
838386
293603
326934
19706
316376
468751
328310
705788
682461
269406
860771
941426
816390
937704
140031
882915
836861
738109
300069
42101
267105
186229
378835
524807
842312
267172
20594
554814
683922
23085
747204
95390
438635
544110
776105
883726
476
979289
65102
741054
302926
894626
2483
761636
158621
92628
21270
611809
581013
256447
314241
661187
319628
18956
739309
395171
867868
983473
393298
218095
507067
663231
325196
501186
808440
420184
866987
158383
358931
283135
900887
227357
808634
188936
777438
186188
578012
966062
8284
207414
237996
759171
315398
883728
837812
881154
828755
697135
174227
989952
738503
697288
286933
226561
389853
112848
425773
50471
204240
931970
19089
379909
707782
61503
38514
470226
586842
169231
30039
594298
854724
955909
234645
667598
719527
525889
299373
551194
547511
255056
544962
524375
810693
565614
845173
773943
84905
438379
798815
872222
148811
853226
229994
772209
891662
310534
563532
703046
530841
180816
837474
894011
766786
974260
2341
503714
510361
790138
507019
815514
390991
445480
757372
403193
508994
463044
272431
981285
376550
912438
505057
208130
751697
352012
954290
263877
274210
393368
779420
718952
829775
569908
399824
352118
157643
443174
638447
22982
174352
328670
492449
577156
393614
944860
66070
204906
835760
359726
571223
841039
151175
40471
136008
776086
867413
144460
179836
363335
308728
84760
376629
609018
308082
159
332471
43567
167633
581503
958727
85563
490047
494930
60037
825821
15784
170512
542243
19759
148483
697682
435905
529848
335296
351409
20135
808286
214797
731725
356382
124985
913668
959529
536875
971842
395252
412852
391785
300650
724746
430947
68098
556871
299227
975993
744713
47721
748433
352872
984631
467979
538033
512337
81985
765925
557509
286312
982226
750430
133866
19699
666410
79327
443704
44657
376083
333699
189449
128023
542523
226602
821800
898549
904115
528301
263256
514936
56707
915180
627902
464520
169831
539074
336684
432338
598059
365274
767242
895584
233822
21211
518947
997731
839286
215615
925705
362579
924608
777025
489126
760173
582273
180853
235809
478683
749742
214449
633897
465010
656837
546857
952033
682389
994439
961305
785192
110134
667218
738587
297412
53885
881822
253784
604458
218177
930388
922395
497644
329523
543174
969985
436351
17434
424527
272077
725672
912696
849672
974296
911235
433804
720548
596773
488368
674033
636393
294099
927771
79908
105420
652395
629157
934562
51815
244697
188596
622384
963673
529656
530644
848820
523258
273542
677192
217217
684089
371959
443121
397232
865109
492517
614170
922729
330612
685028
301790
515201
91811
452532
633398
562622
56747
479952
986019
420021
629580
286691
578868
683860
637337
808858
372213
906428
737647
216916
35700
521798
208531
391478
305649
795623
883048
346396
323553
343918
927753
337194
525215
817002
149257
667328
714224
116648
103748
552844
466673
537
617314
208953
40927
479635
958312
107269
870723
377774
181114
148656
221304
250127
362929
790480
327962
816193
492949
922177
936013
614206
920759
814458
945959
66126
255854
164348
817467
751879
485612
100451
752387
831026
591676
383007
936553
78798
259994
825724
70130
656942
273838
674332
180616
582525
424167
349767
137442
259042
705328
913241
674066
224638
387218
223514
855274
240082
435302
894059
414412
536574
780469
388251
254925
956132
292910
919705
815878
859243
345027
177860
104183
144352
87648
335263
770071
956086
663112
496608
611644
844206
486798
102311
725155
207186
188462
229772
229917
406555
934214
496849
948439
922418
630132
215030
257412
660564
315789
184684
394985
978062
396854
776417
711812
654888
655139
524794
687450
951070
503658
121695
667100
363017
686083
209135
800501
740509
920414
533973
791347
826699
953057
703858
178255
242183
445309
772474
659162
922340
964332
635739
709766
999066
983625
304791
566479
906538
332427
645619
822340
639064
435039
269639
137462
992599
92834
54902
159356
522115
729592
239544
298847
977160
817996
104467
163817
441952
251364
412713
648069
122105
626591
593130
802323
124916
445326
760937
677643
125706
277485
570060
669259
200137
419261
869982
802942
613436
240255
275775
585771
877673
383246
761339
236631
10612
393945
767543
414744
822433
900093
32967
329784
691831
345915
553821
649026
455552
340571
721117
638892
700332
334940
243276
257824
289173
666262
472550
90857
577501
20398
902222
445239
87667
270070
977952
734862
135029
683807
811106
681425
112943
938395
178842
964327
634050
977683
602169
555720
916640
178498
45173
333734
949684
101869
654836
661946
671198
224319
278052
829353
28508
10564
356647
13971
451204
105986
376364
401017
78638
119856
178585
457672
619886
842964
19428
257606
431422
993468
946305
180120
312443
824792
216118
167917
941958
14514
469578
26059
351179
134412
401947
188596
254494
448853
996687
600628
599873
668615
185443
901514
859138
459552
527007
126065
609793
526330
655530
867914
892240
772553
805690
668519
917875
160113
703011
563190
846790
485186
477777
104968
194814
818065
302737
256893
527111
600692
913289
228110
999693
138713
142024
937335
56855
471619
707320
684031
283213
529059
332400
327077
320858
286159
169638
968745
776748
863585
761922
141108
433688
60079
188237
386148
76507
447394
927176
640760
907836
258165
888921
238613
252173
470284
474784
355443
39312
193838
389353
825191
499509
65057
305722
627533
558657
491041
808907
512145
990155
546812
841941
102874
654433
627277
273411
209300
747271
712147
216133
445209
704415
499501
545156
458748
34404
949428
586096
883121
689744
948405
860660
437916
92510
818441
357387
544180
29802
312019
576492
849812
711028
398486
76449
266526
691523
292848
255542
435660
870
921783
65740
49045
763413
261231
650381
640760
903671
200101
722745
383655
472573
929002
839199
975507
486123
495407
833704
269328
75767
752122
608654
494310
677898
277635
601450
365555
705059
176301
848618
179968
76251
119012
714593
293086
445699
490639
747704
758140
192041
411314
540866
604105
68218
708964
525294
858048
769985
193063
784341
717013
131149
75305
717043
715642
422129
768406
122675
423118
143781
743320
639459
510435
456330
946604
298823
143274
503435
758050
165001
217597
249119
43953
561614
673353
377579
477748
151075
98710
173187
392453
172758
754869
998929
698549
230113
157189
530702
650789
407874
34849
976558
352196
6374
825833
935769
492965
120643
54124
509203
383995
606789
703407
774780
726324
488352
961437
481395
558256
285572
59850
30742
997469
834543
974565
254437
542065
992924
726010
484357
430978
831641
531042
298720
206725
213430
520712
437929
54497
535705
421528
284733
993519
611887
323653
630885
531217
578109
689143
132792
456236
153620
949904
566366
834435
696547
357082
748783
768753
332582
564751
747513
705923
878141
178244
629921
424687
356759
7602
68128
778613
750157
735906
881775
167121
363979
388853
579454
154266
227369
447949
622941
223227
194072
802908
167998
681227
521911
156423
790033
720138
149381
970870
753679
103866
827185
711162
168595
94551
486478
27356
243106
576373
622050
693886
497163
420726
564189
525168
16170
375716
579431
470226
81798
835249
50066
329633
545050
404232
334127
612768
38321
921423
588028
659107
757098
575420
300091
518459
352411
513169
998878
571193
697042
210101
405150
239265
38135
445809
205610
838253
244813
743619
476925
711674
282775
983138
929416
284051
345687
912272
752527
687833
333426
348437
671056
422219
449071
744285
988893
413560
146398
797232
753291
901566
178261
938057
948035
882621
523734
965974
729973
124254
99852
383819
468589
298490
464244
780515
397054
119656
139481
898229
653978
924006
916151
567471
94083
938722
87681
124849
245340
288294
767870
773832
524633
21215
636942
399493
417366
982920
652811
435450
668035
804408
789835
286096
899580
335812
360641
301640
341366
612050
892803
881292
680597
645819
65830
267825
532315
822300
908549
915788
369596
318842
204449
146670
566157
208335
940002
56765
378330
856821
306236
1200
243862
201134
409069
200742
801325
335630
995682
847588
634230
902213
260537
455145
655428
317901
33506
85488
494428
491180
754654
562434
824128
890982
521706
6773
540586
130755
691445
328772
497365
300920
52172
594380
782964
890549
219158
723873
832198
718538
168827
166219
801409
924279
919585
804064
131563
827022
489358
917631
302152
959047
379633
542310
500142
757536
29308
167921
594164
928111
998122
412272
536649
7110
781790
383523
731488
912833
245996
796949
435977
418606
89392
662098
903003
286682
718684
588485
110862
240756
265808
495539
551845
445920
806626
821326
523656
849691
818557
134007
831792
422086
406373
663699
454523
292753
668184
840713
511967
91717
384976
460437
600187
13037
285670
945740
489673
505122
320976
364
248944
686450
549451
350239
185398
779757
680724
533133
597779
320523
994895
218138
836960
229245
751371
668867
928494
789391
804765
169488
793908
695478
50601
21687
283168
954940
628991
889165
219854
688901
695585
573545
680726
92348
368675
200087
108544
781535
971307
394550
302867
242405
863576
482991
658187
67336
242751
3986
304296
962610
748625
443854
764451
723400
236184
476941
539132
298189
632800
537130
552750
677173
134642
458256
44804
81735
628220
567536
353093
342957
53516
246046
96395
20251
941115
512777
323890
447834
266726
37397
65643
74096
227032
396439
846576
919278
85252
380268
246546
590806
932077
41014
102318
981414
537576
672629
383102
245573
308601
981373
368331
3977
557851
975449
74496
491363
658268
6461
274715
561960
620708
488032
730044
876732
585366
48574
672096
155677
454798
901224
18151
776777
972363
415686
99729
210509
318950
883755
402887
986412
892352
760979
758230
739304
147963
403196
596726
224752
19615
522717
971464
36581
46172
89991
298015
915402
110767
54935
345590
283593
473885
813077
714303
717340
813724
769965
967771
465566
969105
296584
32293
871599
177140
935109
147816
244733
197392
99865
574385
474358
601831
340480
289664
883591
834291
301278
997528
495439
966406
791991
185142
483685
512339
833287
719710
138946
340549
556288
585488
472077
852813
908830
887258
976002
577337
840808
691591
850685
681920
263365
654773
946217
730586
209591
57028
351872
540492
896633
679978
191357
583233
128305
884836
148326
210196
698322
758087
429615
357355
483282
533941
812621
595325
4546
482923
184985
747059
693327
900406
615452
68972
462995
618053
572349
126939
831513
541082
940036
255436
957356
576795
605002
113284
520410
154053
585343
499013
688842
404800
633048
253936
225527
130317
478675
739141
366536
905499
134056
560838
966990
339321
398478
553467
345049
506534
647654
863182
713783
432517
795400
305046
130762
576749
114921
275057
306885
680412
867046
971337
889219
300939
840175
72890
247172
475868
294035
406410
890948
744944
494307
95638
165306
127573
113350
480014
336106
195484
38937
526551
270887
778697
404544
605071
64617
380260
424206
940333
746246
216685
500941
438277
832017
450924
491050
401195
710156
645030
402624
879216
822602
357292
410879
872392
402022
662349
542584
889548
791513
565547
724233
404954
331580
576427
924832
542810
914971
239814
66861
949532
253042
376893
245736
286173
491271
705193
747132
991209
757923
19184
948047
54682
359790
34964
287215
549822
985894
791845
234010
670550
141564
51287
306153
298811
696395
634990
520091
382556
479926
126421
196282
701218
508572
621775
199980
439604
562618
875461
453785
558550
269278
794301
366579
334316
526980
474027
722342
41309
685583
630370
638814
802003
868389
922147
502704
773150
912295
647510
788198
165496
635724
253270
397674
584611
606297
855335
68685
672559
608575
584131
173173
178584
987729
920657
519073
518987
220768
600375
408410
953225
998260
371782
585913
233637
611370
423188
579407
748391
384933
597992
127412
329555
202546
254349
168111
22723
686332
341577
251647
624049
556072
131816
807364
572369
153678
961713
174669
941915
236309
241914
985023
413606
745514
294039
612446
243440
619613
582830
628091
851514
159000
827622
292730
78416
628988
236606
551359
423911
506521
199610
462581
31070
477386
131703
775482
925799
897644
770592
464235
254463
754425
577913
951943
353113
993092
82201
245058
694105
653075
396725
434153
622267
330516
854998
727468
183060
237054
192749
858573
293105
568005
120829
333476
633308
174265
809206
682956
49149
816188
503970
816430
319132
939998
565176
571303
627268
396055
924302
973785
505091
492384
711340
157771
545167
251118
51836
830142
401667
671372
98269
543757
702406
275476
278934
33407
491404
790729
806823
708333
553462
759828
682492
118218
500629
33753
526907
762772
558284
867766
154620
176726
121747
668376
483672
603607
420184
625913
392730
767651
848384
392570
820051
263219
437707
390296
429322
192699
297109
483790
817807
416785
498168
672839
359664
5173
737103
391807
300165
53633
252758
641589
277350
384494
749101
382095
675261
755392
42875
337930
125814
838224
594927
472987
62035
893556
439266
747239
586843
554124
646040
188252
757746
258476
441062
226794
435396
376225
205677
214818
513307
940066
51524
689129
799313
331925
948
226264
620447
382650
255900
100724
582867
897016
959413
338437
638816
446210
49136
198677
154576
347686
851388
955782
699540
493618
894115
571408
594364
456451
833556
577751
807553
885099
75515
433061
894016
480382
379020
966409
447170
75833
662816
452043
746806
717008
355062
877706
15232
809747
970778
240629
885674
876092
105763
388066
829944
900503
926933
362766
872666
182414
174503
698290
933819
662352
871072
529086
292983
745566
585691
672500
521065
673714
974889
444836
122145
576076
178965
47168
461301
454106
970114
62491
361647
307459
863857
193283
136804
746704
463455
778039
816612
70135
327115
538567
630157
918214
831125
229895
688314
663209
764866
942959
425753
151895
823964
293778
781082
132191
580855
614201
924100
897163
935950
533340
369122
260462
409739
771260
765018
706767
726309
422047
786141
438322
604004
580137
858106
981695
650432
367316
100878
440146
994663
479180
450070
518046
724702
137386
261605
73854
598975
206410
743920
165978
616416
259083
760327
47666
710356
856546
5086
977674
21579
736667
399434
565170
889941
30382
852359
892721
393155
498234
505013
214350
806382
170657
644196
37434
117329
337407
575812
156765
979729
787079
407487
602107
616670
157948
146658
129539
937329
870025
401334
726324
540405
236671
540397
265836
71042
587689
78392
808911
307076
119628
288054
298448
824442
596032
350022
46943
363547
795685
102973
303151
848083
920068
145459
465379
785194
296132
141368
939220
307654
713990
590820
447361
566407
248413
638156
370772
669264
670765
519761
81741
184742
47391
482706
730318
14384
616510
816769
484929
84574
357361
592787
832617
676198
755285
763217
594308
632426
601526
17100
656346
43638
210347
712878
38566
183589
573067
280491
141085
260515
788495
193493
514975
889484
282502
866959
159993
51827
672623
807193
689429
223424
329654
537035
75775
70129
345742
537949
283220
301505
674087
167266
31497
233509
694861
277
753877
324659
38237
295500
519357
901854
308516
191369
70458
75548
720853
287792
592712
266792
304167
256338
297741
514723
374409
782247
119396
756630
528579
479835
85190
22290
892522
760255
676053
680440
509247
620896
423044
450645
457766
232629
382885
793253
300926
432946
658064
425913
735969
434169
984621
290739
504313
437232
381663
293229
130685
732781
646925
453433
588615
306702
576974
52099
264788
517606
206449
266707
296471
988434
65254
54575
643450
501225
730507
111965
395186
748241
274903
149638
56317
252079
178269
115446
2555
179126
749502
513664
825574
56545
648878
37759
838704
972091
402593
230519
476792
717723
599121
306265
742952
872686
220335
567525
177773
686444
610211
114154
712148
966509
326786
62313
613630
292500
690764
18136
578048
109033
516446
272770
902489
915717
810362
402059
146128
652070
180785
857426
332074
905315
203627
765295
378693
175097
222995
383067
754901
457283
660193
631151
162104
73032
782597
311557
685815
864943
907117
349371
818139
429453
743603
960918
768490
20255
382950
287874
244989
220051
469108
897655
128063
244608
580913
732792
635012
660471
645574
735030
348099
586545
907064
578257
14194
502823
609044
685630
912764
378625
28149
121795
292834
137638
894449
948639
559083
17074
119206
708808
92745
631302
395676
279948
135882
545592
999767
948441
763959
681003
749244
432024
880013
144698
661149
374515
701013
84110
260323
214264
737570
169104
390871
527061
977271
909005
870019
407602
989442
691565
351616
496393
860866
282143
137012
16736
64847
143955
358517
498995
143899
489258
805030
235718
191203
54468
695162
378231
857089
193447
738134
73468
545247
739656
253589
698303
184518
964602
506405
411923
292052
239280
631822
684689
202124
646896
721619
211028
881287
641047
532849
289933
536713
175811
766468
844035
803247
773920
716809
882922
287748
471186
221502
10655
543666
157308
248870
538558
417429
50603
168873
458593
594411
301603
629335
829877
118760
68675
551245
878522
13798
638423
691568
468439
294394
623546
180439
987159
987490
469862
793413
250692
775194
161754
647955
781534
779597
594086
184493
38776
675945
517142
713715
777008
678155
493497
776703
835593
6426
397709
974022
713127
244591
331784
691031
216742
544178
858565
344449
776662
380160
294474
10514
729623
5000
440562
110265
602318
259957
991228
496525
390337
209029
52270
187494
416405
540793
502183
878313
172385
507813
958080
250658
406830
102695
24478
357898
983246
806644
993944
167847
276053
26382
148223
137554
385721
210514
652238
450644
903874
292845
420655
997802
651885
543215
633128
908904
387491
638904
826208
365882
495761
155662
966802
672133
439203
971409
524877
527660
505122
9221
15589
690670
871464
235279
958010
621996
74364
116667
296738
644168
373518
522746
499062
163690
632208
432873
938230
761948
210542
954124
384410
950293
664684
634585
9526
160659
32411
519409
689032
365921
408632
103018
834721
619320
756193
645127
892334
334338
683125
471625
590179
281657
519
415006
752771
538798
803517
382840
119310
958630
226251
813049
736583
411615
320584
821770
732960
939120
431786
706763
785028
812366
932771
312228
734337
653611
81623
815226
830161
871288
126136
646462
564227
148556
769024
866015
675211
620957
627210
772640
616034
496618
698574
399108
853915
367227
572471
577317
561220
683776
737443
467427
969909
889239
714294
986874
467832
543209
418203
27821
963028
158899
60761
757279
60344
452323
452813
909824
218817
964248
360970
356836
297576
537356
262089
567407
919371
210830
373390
182637
177942
163687
774042
228286
588302
616159
147015
317038
882426
288280
170243
165795
618158
646551
453931
633328
844341
792995
57475
386950
692122
439174
278352
981449
712467
511856
612307
384257
96075
349691
68386
979431
483275
912458
929828
875743
616324
756746
318824
937862
711099
553178
366178
702304
600337
702791
936196
496884
164846
102384
848053
742324
895050
933897
369713
160148
116247
245050
24125
936955
940111
808999
502981
336599
832981
452107
902996
140619
443530
269693
72046
846980
274863
806101
82509
347945
918322
151080
292855
587248
850327
391854
958712
367182
208452
278021
619137
252038
509289
578894
244061
319203
264970
69046
884940
203265
301482
451151
64510
496005
702038
460828
92461
957996
418955
155436
399831
809857
415556
7389
357271
627304
817316
985090
235039
521048
405501
803679
468372
695462
681339
210257
530758
435836
166769
236810
722891
989736
128893
16570
695543
858961
499097
872330
154361
770180
843009
330306
803221
175660
785405
357707
688442
554336
280714
526734
43903
281303
966377
900218
536639
777974
553667
543909
167373
81290
821239
450378
420118
67281
257410
338225
357714
903283
245898
487404
361574
706894
730567
455933
500250
860271
105166
437397
356402
224220
244476
476023
799595
556494
631163
238907
141907
266108
658740
498671
122245
673874
670417
683160
10624
563136
568045
16214
7140
561647
824411
475877
544520
635663
641744
489536
536186
857420
140142
366816
675412
281759
178029
958050
621047
708993
808872
154758
751015
382010
819394
204755
181443
296471
381107
231896
583071
839737
624947
740686
470208
302346
350465
967834
718643
507915
770640
771182
153866
325129
650127
23375
143092
553455
38483
485553
927352
626932
937252
534846
9230
992692
547297
843574
196890
491165
964112
539055
781574
203776
767238
621886
983290
948231
791215
237358
600763
664006
113083
980461
689117
573994
629478
667975
614758
639118
511266
587401
458689
19948
535202
896455
149596
498992
124549
542266
290014
229480
312413
378881
92488
750424
512220
3464
126887
302955
695194
848902
735859
290627
704774
11872
194504
3889
320678
126123
330878
411456
982092
823951
555687
131500
238679
4423
818212
231472
339171
377988
269092
800061
514574
730673
11835
84550
436904
631698
889114
901176
711350
926341
263537
543496
449635
386859
343902
279972
841348
272480
114320
394379
276422
160037
864189
576888
627319
161951
24572
866169
969133
338809
387647
675743
907223
532068
711281
144398
436318
635006
25512
435252
835127
221136
98695
822423
600328
35506
320115
489798
519348
37385
420720
402097
744709
306609
978327
212309
903733
589685
344310
314575
469337
590587
898308
945234
870059
635901
486655
222388
714866
244914
679012
502114
829072
335883
431754
162612
632744
516761
48732
56092
841321
716811
140401
24247
886204
354581
698314
162310
912582
314733
247015
280630
276314
85999
431366
691483
588862
163425
672313
284604
383384
680144
649059
732295
435894
263321
28623
876453
838071
804548
578540
245096
592984
869706
122601
51681
514782
860983
520873
198415
77725
409578
774563
161138
315876
865082
587033
869245
881158
93811
17907
971049
272901
968382
535352
500774
733340
564382
464680
213420
439657
930647
997496
718000
645557
904297
614762
133811
430626
809082
646281
439668
64688
995665
730046
162246
390123
410494
483218
711100
989877
668248
720321
796480
190571
382110
948983
470915
346935
378047
93098
786830
714866
546294
789587
292408
933939
898956
711562
860272
986745
955393
87229
371642
910257
727685
831692
792055
407652
628897
418885
116316
537791
546675
663287
97413
6784
681302
696309
556706
673723
586592
332713
633167
805254
53125
563729
328642
48327
915800
915227
74142
357592
17970
6873
638308
426452
9835
279265
471177
656641
756229
558340
535458
835482
328169
795817
147003
733495
231817
932101
947016
578331
779940
468217
325683
499034
587432
739911
97172
533925
745073
91122
674879
637108
866032
995186
217782
522574
209127
834513
650239
51960
118032
665701
321489
997240
856669
587498
81512
368324
185371
285435
900984
649100
342704
475565
433150
87393
992003
705481
65201
320448
76858
116387
136471
540735
969118
221659
240117
285267
567964
346800
979935
163516
35685
409340
191085
246989
210484
753424
896526
148124
51567
85676
89078
697602
471143
523227
934771
389327
739386
797865
935453
827021
456408
342082
933548
551343
880290
330089
901540
525719
597422
178321
438955
414849
849319
232860
988923
613903
157010
474221
352882
731825
560427
364972
352454
14448
116589
531349
463895
654104
293681
306493
604125
262272
444782
748387
297152
636407
880735
405935
406279
535821
333314
688970
30824
997563
504892
697945
692989
883440
807578
918423
403288
760057
204402
157069
877165
417547
22312
759601
507886
