-30.188320200821067
-46.04089378244007
-70.76948099319824
-98.9128579134913
-19.983276164150098
-7.601924969555455
99.03794268863015
-8.7122223419249
17.431244850236112
28.714042015319563
-43.36531472656206
40.96604879363073
19.53547783762815
11.946101531647571
75.61878004970234
-54.123426030876985
-1.991746429922344
-49.70532061317292
86.34006174779759
-16.03953965016342
52.07638932975212
24.761853073026302
-35.162130659440535
-28.137083881892906
-74.5627347226047
-74.66023300710802
12.474135668450174
-75.35833557387261
-33.32717211090062
91.78450366189358
-44.19099081834912
-38.26134758805064
-18.60651818759993
14.645580291796122
27.7113751046885
4.045428146863543
-51.07921119536509
-67.89594276221246
78.39204164184866
14.90025424873815
-82.86195229947617
-55.694977152597325
-91.00728014285559
-47.88703462817077
-13.791727301979108
-40.74692846858776
-79.44096695618157
18.621292952805504
-54.82067904713437
-17.02777996238349
27.67135502075648
26.14023804359678
35.066248516618
71.5144364421931
-1.297588272189131
-80.82612490115093
77.821333455417
-26.466144499199373
-46.384027807714155
-53.983206304713825
32.67242965425251
-90.47344251763802
75.41622491523046
8.880183658425622
-80.3692767709656
57.468492462114284
72.80281941706411
-22.964610357411374
-15.460822853313488
-55.5328504508378
-30.718227074172304
4.875529347174876
-29.146629076761727
80.17513474772545
-12.072208949231381
-38.946291226838504
10.41666880008296
10.09687683414711
51.188933391599676
-54.63599562819552
-51.18802038756092
-84.44772888102008
-78.4302680289607
-53.21067045958776
80.44271823485954
-58.05589775430817
71.72432792300083
-20.851909198869294
84.31588241173421
-1.8913377951720776
-8.563671985862058
-79.9707315141758
23.570387173571916
36.912034307754936
14.157666222289848
-25.78652479736958
0.11429462913446287
0.8871211151705296
77.2237049173998
-15.46466908746828
